Theta=[
4.527805055
2.202438904
3.095902467
2.089423571
3.321397600
0.923441144
0.607885616
0.002294064
2.507935709
1.684925756
2.290130143
6.043333429
4.408828136
5.630055257
1.746655328
1.654021056
1.076816754
4.169409388
2.647194337
4.166795121
2.009282743
0.695070526
4.506119951
1.095943513
1.252038185
5.163328481
1.824626482
4.860138958
4.191250296
0.006673038
2.549239930
4.412574641
1.387937464
4.153792110
5.859288733
6.197628556
3.746527942
1.795213213
3.896490637
1.788089399
2.554117426
6.115610888
4.608029171
5.928899340
6.034102989];

Phi=[
2.682959264
0.244213259
4.662651412
5.223712285
0.225887066
5.722817448
3.143431766
4.132075588
2.738207673
5.571495301
1.358240311
3.584449290
5.972463919
3.907131433
4.509672945
3.218460628
3.931651661
3.849824490
0.187692323
5.864543917
4.282945796
2.430372505
5.882392920
3.709945006
0.072341162
3.907812565
0.590029729
5.466677910
4.763277728
1.902949688
1.378554039
2.910407695
2.112672395
3.113889832
3.992415527
6.194467859
0.335144515
4.613913179
1.104228305
2.397228938
1.045462278
2.392697439
5.792826837
3.282763501
3.016375845];