-2.868, -3.730, -3.992, -4.495, -0.901, -3.263, -2.169, -3.082, -2.822, -2.412
-3.037, -3.742, -3.074, -2.271, -5.613, -1.618, -3.503, -3.774, -3.609, -3.289
-3.173, -3.919, -4.099, -4.358, -1.906, -4.706, -4.038, -3.217, -3.072, -3.240
-2.911, -3.725, -2.418, -2.992, -6.868, -2.072, -2.425, -3.566, -3.134, -3.289
-3.022, -3.934, -3.678, -3.085, -1.570, -5.235, -2.843, -2.594, -2.599, -2.882
-2.903, -3.288, -3.542, -3.166, -10.465, -3.668, -3.198, -3.464, -3.515, -3.375
-3.603, -3.283, -3.783, -2.646, -14.958, -4.163, -3.661, -2.942, -3.375, -3.536
-3.339, -5.047, -3.727, -3.525, -2.021, -5.796, -3.791, -2.782, -3.168, -4.079
-3.530, -3.457, -2.934, -2.901, -9.678, -3.314, -2.765, -3.142, -2.967, -3.364
-3.522, -3.508, -3.812, -2.589, -11.764, -4.793, -3.438, -3.695, -3.833, -3.333
-3.565, -2.984, -3.017, -5.116, -0.930, -4.153, -2.743, -3.532, -2.443, -3.574
-2.968, -3.061, -4.177, -4.021, -1.912, -5.235, -3.712, -3.224, -3.012, -3.339
-3.183, -3.650, -3.782, -2.479, -12.025, -3.333, -3.595, -2.626, -2.927, -2.964
-3.085, -3.781, -2.961, -4.365, -0.375, -2.897, -3.003, -3.103, -2.880, -3.251
-3.434, -2.697, -3.571, -2.925, -12.889, -3.528, -3.470, -3.151, -3.280, -3.470
-3.121, -2.887, -3.452, -3.440, -9.207, -3.376, -3.403, -2.849, -4.081, -2.788
-2.558, -4.200, -3.575, -2.976, -0.936, -3.121, -3.553, -2.562, -2.424, -3.132
-2.734, -3.850, -2.734, -4.787, -1.136, -5.297, -3.103, -3.016, -2.860, -3.390
-3.385, -3.071, -7.714, -4.268, -2.288, -2.540, -7.519, -3.267, -3.406, -3.307
-2.269, -3.958, -1.771, -3.531, -6.666, -2.247, -5.037, -3.069, -4.026, -3.190
-3.338, -3.351, -3.680, -2.322, -8.552, -3.006, -3.026, -3.667, -3.880, -3.237
-3.399, -4.258, -3.916, -3.163, -2.018, -4.024, -2.805, -3.424, -1.806, -3.020
-3.209, -3.782, -3.038, -3.392, -0.786, -3.539, -3.215, -2.778, -2.778, -3.239
-2.274, -3.704, -4.212, -4.341, -1.726, -4.244, -2.218, -2.907, -2.268, -3.470
-3.785, -3.169, -4.201, -2.354, -12.327, -3.025, -3.012, -3.307, -3.237, -2.829
-3.525, -3.461, -3.474, -4.557, -1.064, -3.781, -2.944, -2.963, -2.895, -3.228
-3.252, -3.111, -3.070, -2.568, -8.213, -2.383, -3.217, -3.658, -3.115, -3.219
-3.608, -3.154, -2.968, -5.514, -0.846, -4.159, -2.876, -3.542, -3.159, -3.910
-2.957, -2.667, -2.493, -3.321, -7.306, -3.009, -2.920, -2.951, -3.913, -3.290
-3.076, -2.330, -4.037, -2.932, -3.022, -6.874, -3.141, -2.754, -2.634, -2.843
-3.870, -3.958, -3.514, -4.095, -1.885, -6.005, -3.266, -3.098, -3.401, -3.032
-3.575, -3.691, -3.034, -3.638, -1.449, -4.115, -3.125, -3.200, -2.239, -4.132
-3.835, -3.903, -4.335, -3.104, -0.888, -3.829, -2.077, -2.929, -2.995, -2.800
-3.331, -4.076, -3.500, -3.884, -1.012, -4.029, -2.978, -2.793, -2.936, -3.505
-2.962, -3.556, -3.123, -4.339, -1.107, -4.106, -2.824, -3.334, -2.751, -3.476
-3.651, -3.789, -3.053, -3.614, -2.596, -9.013, -3.102, -2.227, -3.869, -3.437
-3.853, -4.660, -3.836, -3.655, -1.346, -5.334, -2.422, -3.050, -3.037, -3.555
-3.329, -3.757, -3.024, -3.831, -1.914, -6.327, -2.843, -2.585, -3.224, -3.337
-3.457, -4.090, -3.818, -3.425, -1.235, -4.602, -2.602, -2.933, -2.895, -3.323
-3.063, -3.707, -3.510, -3.326, -1.796, -7.381, -3.021, -2.605, -3.785, -2.894
-3.288, -2.941, -2.962, -3.766, -2.108, -7.710, -3.066, -2.722, -3.348, -3.398
-3.102, -3.143, -3.536, -2.891, -11.925, -3.900, -3.174, -3.215, -3.239, -3.164
-3.136, -3.635, -3.717, -5.172, -1.192, -4.176, -3.646, -3.389, -3.013, -3.253
-3.410, -3.342, -3.134, -2.636, -10.862, -3.930, -3.235, -3.270, -3.510, -3.323
-3.210, -4.309, -2.648, -3.885, -1.044, -5.074, -2.958, -2.981, -3.083, -3.737
-3.653, -3.081, -3.045, -3.076, -1.385, -3.980, -4.208, -3.270, -1.917, -4.356
-3.148, -3.509, -3.019, -4.941, -1.940, -5.981, -2.755, -2.884, -3.098, -3.091
-3.579, -3.040, -3.584, -2.901, -5.782, -1.492, -3.138, -3.531, -4.087, -2.918
-4.059, -3.742, -3.182, -2.105, -1.515, -4.231, -3.527, -3.122, -2.239, -4.170
-3.098, -3.275, -3.449, -3.978, -2.023, -6.430, -2.845, -2.385, -3.222, -3.068
-3.415, -2.974, -3.848, -2.395, -15.493, -3.273, -3.312, -3.341, -3.207, -2.734
-2.316, -3.702, -3.454, -4.748, -0.897, -3.575, -2.584, -3.490, -2.642, -3.132
-3.364, -3.449, -3.430, -3.740, -1.382, -4.620, -2.930, -2.526, -2.819, -3.235
-3.314, -3.066, -3.559, -2.638, -12.004, -3.382, -3.282, -3.091, -3.316, -3.061
-3.356, -3.024, -2.669, -3.800, -1.487, -5.546, -3.000, -3.156, -2.878, -3.549
-3.385, -3.089, -2.180, -2.571, -6.537, -2.110, -2.384, -3.704, -3.239, -3.116
-3.360, -2.853, -3.723, -2.362, -16.755, -3.251, -3.454, -3.153, -3.318, -2.883
-3.012, -3.854, -3.171, -3.872, -0.680, -3.862, -2.820, -3.229, -2.980, -2.747
-3.124, -3.168, -3.404, -2.981, -1.751, -5.746, -3.014, -2.696, -3.195, -2.887
-2.626, -3.211, -3.978, -3.641, -1.506, -4.809, -2.368, -2.776, -2.839, -2.796
-3.945, -2.992, -4.070, -3.972, -1.295, -3.656, -3.056, -2.881, -2.918, -3.368
-3.248, -3.964, -3.165, -4.543, -0.895, -3.954, -3.539, -3.097, -3.248, -3.230
-2.818, -3.661, -3.124, -4.742, -0.945, -4.346, -3.318, -2.958, -3.006, -3.035
-3.252, -3.169, -3.337, -3.653, -1.800, -5.990, -2.901, -2.929, -3.270, -3.353
-3.190, -4.559, -4.293, -4.435, -1.197, -4.335, -3.264, -2.720, -2.573, -3.126
-3.317, -3.327, -3.624, -2.830, -12.786, -4.502, -3.535, -3.312, -3.595, -3.134
-3.009, -3.588, -4.576, -3.703, -2.573, -5.624, -3.414, -3.221, -2.845, -2.421
-2.610, -3.346, -1.893, -3.628, -6.237, -1.827, -3.831, -2.859, -3.447, -3.351
-3.643, -3.280, -3.073, -5.127, -1.176, -5.613, -3.124, -3.981, -3.130, -3.268
-3.078, -2.827, -3.203, -2.442, -7.383, -2.866, -3.235, -3.301, -3.763, -3.269
-3.099, -4.265, -3.270, -3.875, -0.966, -4.242, -2.814, -3.211, -2.678, -3.036
-3.260, -3.186, -3.491, -3.290, -20.437, -4.537, -3.637, -3.097, -3.220, -3.415
-3.045, -4.078, -2.886, -4.201, -0.991, -4.777, -3.005, -2.760, -3.004, -3.486
-3.388, -3.162, -3.280, -2.475, -7.231, -2.258, -3.278, -3.701, -3.516, -3.243
-3.186, -3.859, -2.908, -3.839, -2.195, -5.958, -3.432, -2.841, -2.710, -3.509
-3.160, -3.806, -3.072, -3.212, -1.631, -6.707, -3.158, -2.324, -3.302, -3.131
-3.234, -4.459, -3.731, -3.157, -1.468, -6.241, -3.129, -3.037, -3.219, -2.942
-3.259, -3.478, -3.546, -4.989, -1.890, -5.730, -3.201, -3.169, -3.375, -2.920
-3.433, -2.858, -3.485, -3.300, -17.262, -4.122, -3.506, -3.152, -2.856, -3.300
-3.358, -3.073, -3.703, -2.434, -17.175, -4.044, -3.553, -3.798, -3.796, -3.000
-3.123, -2.862, -3.548, -2.463, -20.528, -3.453, -3.631, -3.143, -3.328, -3.066
-3.012, -3.656, -2.981, -4.946, -1.323, -5.915, -2.816, -3.006, -3.146, -3.165
-2.768, -3.444, -1.431, -2.538, -4.354, -2.383, -2.956, -3.689, -3.634, -2.813
-3.657, -3.739, -3.648, -3.228, -0.928, -3.215, -2.680, -2.943, -2.412, -3.555
-3.210, -2.784, -3.314, -2.458, -11.770, -2.572, -3.519, -3.001, -3.354, -3.392
-3.539, -3.200, -3.160, -5.395, -1.060, -5.129, -3.082, -3.128, -3.433, -3.393
-3.170, -2.903, -3.379, -2.315, -8.050, -1.692, -3.501, -3.466, -3.363, -3.004
-2.643, -3.612, -3.047, -4.506, -1.293, -4.131, -3.392, -3.333, -2.611, -2.893
-3.440, -3.146, -2.406, -3.980, -1.317, -4.162, -4.113, -3.219, -2.274, -3.627
-3.471, -4.498, -4.138, -3.817, -1.366, -4.714, -2.690, -3.170, -3.164, -3.132
-3.437, -3.743, -3.712, -2.240, -1.234, -3.158, -3.955, -2.736, -2.332, -3.339
-3.371, -2.990, -3.909, -2.587, -10.853, -3.138, -3.666, -3.138, -3.329, -2.988
-3.404, -3.868, -3.196, -4.594, -1.245, -6.189, -2.610, -3.248, -3.054, -3.054
-3.432, -2.965, -3.706, -2.779, -14.740, -4.115, -3.061, -3.979, -3.454, -3.242
-2.582, -3.393, -2.225, -1.940, -5.572, -1.960, -4.607, -3.792, -4.005, -2.575
-3.137, -2.883, -3.804, -2.575, -10.097, -3.242, -3.553, -3.370, -3.250, -2.955
-3.256, -4.298, -2.900, -3.493, -1.519, -4.344, -3.325, -2.065, -2.760, -2.745
-3.385, -3.503, -4.624, -4.629, -1.766, -4.417, -4.349, -3.038, -3.528, -3.262
-3.948, -4.087, -3.395, -3.009, -1.216, -3.564, -3.200, -2.840, -2.220, -4.204
-3.597, -3.706, -3.061, -3.715, -0.953, -3.265, -3.222, -2.198, -2.683, -3.368
-3.177, -3.231, -3.023, -2.749, -13.828, -3.881, -3.622, -3.075, -3.574, -3.455
-3.418, -3.164, -3.384, -2.816, -10.740, -3.355, -3.658, -3.182, -3.515, -2.918
-3.279, -3.297, -3.742, -2.058, -24.162, -3.776, -3.755, -3.346, -3.500, -3.113
-4.485, -3.620, -3.134, -3.053, -1.222, -3.272, -4.106, -2.986, -2.366, -4.117
-2.857, -3.611, -2.834, -4.406, -0.581, -3.300, -3.318, -3.458, -2.740, -3.186
-2.949, -4.260, -3.196, -2.338, -1.275, -4.365, -3.450, -2.595, -2.707, -3.253
-3.025, -4.531, -2.831, -3.441, -1.010, -4.416, -3.533, -2.389, -3.080, -3.072
-2.833, -3.313, -2.353, -2.205, -6.692, -2.497, -3.802, -4.000, -3.918, -2.296
-3.129, -3.043, -3.029, -2.953, -12.572, -3.848, -3.673, -3.364, -2.962, -3.629
-2.981, -2.929, -2.713, -3.991, -1.456, -4.588, -3.279, -3.045, -2.382, -3.584
-3.358, -3.754, -3.286, -3.567, -1.113, -4.691, -3.283, -2.805, -3.211, -3.473
-3.287, -3.668, -2.783, -4.024, -1.394, -4.457, -2.938, -3.014, -2.525, -3.510
-3.040, -3.565, -2.910, -2.480, -6.655, -2.657, -2.835, -3.973, -3.595, -3.265
-3.655, -3.939, -3.585, -3.790, -1.259, -4.727, -2.563, -3.393, -2.727, -2.923
-3.334, -3.058, -2.693, -2.190, -8.833, -4.210, -2.610, -3.605, -3.246, -3.284
-3.004, -2.562, -3.015, -2.590, -7.648, -2.453, -3.227, -3.263, -3.559, -3.304
-2.617, -4.099, -2.533, -4.273, -1.025, -4.656, -2.779, -2.677, -2.696, -3.793
-3.426, -4.504, -3.000, -3.063, -1.216, -5.537, -2.966, -3.332, -2.898, -3.170
-3.420, -3.226, -2.852, -3.140, -1.528, -4.813, -3.337, -2.357, -2.889, -3.428
-3.504, -3.855, -3.107, -3.157, -0.931, -3.601, -2.906, -2.767, -2.703, -3.744
-2.678, -3.324, -3.234, -4.741, -1.798, -5.686, -3.852, -3.479, -2.936, -3.028
-2.676, -3.492, -3.256, -3.743, -1.921, -7.251, -2.773, -3.912, -3.021, -3.167
-3.150, -4.380, -3.073, -2.573, -1.044, -3.492, -3.311, -2.642, -2.109, -3.153
-3.210, -2.886, -3.803, -4.181, -1.453, -4.096, -3.375, -3.403, -2.762, -3.014
-3.520, -3.413, -4.012, -2.445, -1.771, -5.108, -2.632, -2.939, -2.839, -3.494
-3.520, -3.524, -3.598, -3.316, -1.009, -3.355, -2.526, -3.115, -2.396, -3.530
-3.421, -2.492, -3.426, -2.475, -7.358, -2.072, -3.275, -2.915, -3.741, -3.168
-3.391, -3.553, -3.377, -4.789, -1.021, -4.532, -2.786, -3.152, -2.897, -3.102
-2.911, -3.902, -3.201, -2.197, -1.422, -3.771, -3.381, -3.282, -1.772, -3.502
-3.241, -3.831, -2.976, -2.818, -0.966, -2.736, -3.476, -2.947, -1.874, -3.515
-3.479, -4.063, -3.557, -2.624, -0.806, -3.380, -2.852, -2.399, -2.437, -3.216
-3.273, -3.463, -3.636, -3.960, -1.327, -4.558, -3.543, -2.666, -3.437, -3.098
-3.369, -3.355, -3.054, -2.969, -1.637, -4.768, -3.439, -3.549, -2.131, -3.120
-3.405, -2.909, -3.722, -2.495, -13.154, -3.407, -3.056, -2.940, -3.394, -2.702
-2.782, -4.302, -3.994, -2.767, -1.365, -3.855, -2.487, -2.083, -2.869, -3.407
-3.302, -3.046, -2.825, -2.707, -7.917, -3.588, -3.156, -2.767, -4.227, -2.944
-3.465, -4.006, -2.785, -3.073, -2.061, -4.824, -3.590, -3.148, -1.895, -3.188
-2.638, -4.046, -3.626, -3.478, -0.432, -2.348, -2.489, -2.322, -2.729, -2.347
-3.129, -3.751, -2.847, -4.304, -1.254, -4.709, -2.844, -2.853, -2.932, -3.145
-2.752, -3.314, -3.031, -3.021, -1.038, -3.073, -3.459, -3.100, -1.918, -3.320
-3.183, -3.409, -3.030, -2.484, -1.833, -5.646, -3.604, -2.599, -2.603, -3.844
-3.955, -3.643, -3.995, -3.792, -1.185, -3.841, -2.272, -2.983, -2.540, -3.448
-2.980, -3.697, -2.564, -4.697, -1.467, -5.587, -2.980, -3.235, -2.971, -2.928
-2.885, -4.418, -3.006, -3.983, -1.540, -5.056, -3.280, -2.453, -2.992, -3.308
-3.061, -3.935, -3.326, -4.223, -0.883, -4.095, -2.803, -3.162, -2.539, -3.561
-2.921, -3.509, -3.453, -3.436, -1.951, -7.577, -2.570, -3.207, -2.871, -3.635
-2.923, -3.759, -2.873, -3.454, -2.096, -5.981, -3.164, -2.553, -2.587, -3.385
-3.098, -2.536, -3.445, -2.576, -14.092, -3.004, -3.331, -3.024, -3.119, -2.861
-3.345, -3.765, -3.266, -2.537, -1.015, -3.050, -3.428, -2.841, -1.839, -3.375
-3.540, -4.557, -3.829, -3.424, -1.071, -4.144, -2.462, -2.964, -2.977, -2.828
-3.809, -3.624, -3.151, -3.201, -2.130, -6.646, -3.312, -2.294, -2.920, -3.055
-4.562, -3.713, -3.341, -2.981, -1.047, -2.936, -2.703, -2.837, -1.911, -3.241
-3.105, -3.099, -1.971, -2.058, -4.765, -2.609, -2.305, -3.967, -3.531, -3.036
-3.102, -2.788, -3.745, -2.943, -15.418, -4.127, -3.272, -3.069, -3.528, -3.034
-2.875, -3.936, -2.887, -2.152, -0.956, -3.612, -3.733, -2.252, -2.651, -3.794
-2.260, -3.604, -3.556, -3.077, -0.882, -3.211, -3.042, -3.160, -2.251, -3.206
-2.784, -3.738, -2.874, -4.064, -1.813, -6.895, -3.034, -3.179, -2.794, -3.277
-3.074, -3.665, -2.934, -3.182, -0.950, -3.325, -3.687, -3.181, -2.253, -3.954
-3.150, -4.235, -2.813, -2.815, -0.794, -3.070, -3.704, -2.513, -2.410, -2.985
-3.593, -3.869, -3.241, -3.214, -1.688, -3.984, -3.102, -3.565, -1.763, -4.070
-3.387, -2.820, -3.694, -2.278, -15.758, -3.372, -3.302, -3.243, -3.287, -2.823
-3.462, -3.449, -4.375, -4.480, -1.658, -3.968, -3.625, -3.019, -3.016, -2.984
-3.256, -3.441, -3.672, -2.947, -11.686, -4.088, -3.001, -3.124, -3.629, -2.751
-3.474, -2.240, -3.018, -2.904, -7.149, -2.633, -3.445, -2.816, -5.064, -3.295
-3.311, -2.843, -5.347, -3.228, -1.839, -4.614, -1.621, -4.136, -2.358, -3.660
-3.479, -3.950, -2.795, -4.087, -1.167, -5.982, -2.835, -3.667, -3.024, -3.738
-3.159, -2.752, -2.923, -3.728, -8.883, -3.133, -2.853, -2.778, -3.608, -2.888
-2.728, -3.592, -2.902, -3.683, -1.907, -7.239, -3.051, -2.917, -2.939, -3.123
-3.421, -3.711, -4.277, -3.286, -1.766, -4.441, -3.728, -2.458, -3.125, -3.155
-4.096, -3.917, -3.933, -3.594, -1.255, -5.525, -2.270, -2.860, -2.399, -3.109
-3.672, -2.981, -3.454, -3.765, -0.883, -3.835, -2.400, -3.224, -2.855, -2.938
-2.921, -3.840, -3.135, -3.803, -0.652, -3.489, -2.767, -2.583, -3.066, -2.703
-3.072, -2.459, -3.206, -2.934, -9.642, -2.878, -3.227, -3.093, -3.634, -3.090
-3.028, -2.633, -3.640, -2.747, -11.959, -3.572, -3.112, -3.153, -3.322, -2.829
-3.378, -4.106, -3.553, -3.055, -1.160, -3.670, -3.381, -2.226, -2.995, -3.049
-3.571, -4.508, -3.247, -2.590, -0.804, -2.935, -3.132, -2.670, -2.358, -2.751
-3.372, -3.451, -3.581, -3.612, -1.480, -4.244, -2.839, -2.397, -3.040, -3.349
-2.736, -3.065, -3.159, -3.464, -1.431, -3.976, -2.851, -3.140, -2.150, -3.474
-2.950, -3.952, -2.871, -4.628, -0.908, -4.258, -2.902, -3.162, -2.605, -2.989
-3.060, -3.670, -2.687, -5.258, -1.245, -5.302, -2.890, -3.888, -2.802, -3.221
-3.309, -3.346, -2.997, -2.978, -1.080, -3.750, -3.192, -3.248, -2.200, -3.416
-2.898, -4.328, -3.464, -3.864, -1.636, -5.859, -3.398, -3.126, -2.911, -3.521
-2.521, -3.395, -2.487, -2.321, -7.395, -2.718, -3.994, -2.996, -3.435, -3.022
-2.838, -2.211, -3.377, -3.132, -9.703, -2.731, -3.510, -3.147, -3.581, -2.610
-3.770, -3.778, -3.537, -3.526, -0.644, -3.392, -2.286, -2.523, -2.793, -3.214
-3.448, -2.661, -2.942, -2.403, -8.580, -3.539, -2.808, -3.150, -3.557, -3.182
-3.164, -3.963, -2.978, -3.658, -1.445, -6.745, -2.644, -2.503, -3.447, -2.745
-2.776, -3.569, -3.073, -3.538, -0.996, -4.582, -2.916, -3.228, -2.963, -2.374
-2.914, -3.484, -3.839, -4.129, -0.939, -3.491, -2.728, -2.558, -3.273, -3.473
-3.064, -3.072, -3.488, -3.344, -14.276, -3.778, -3.319, -2.596, -2.901, -2.998
-3.230, -3.781, -3.265, -4.049, -1.433, -5.449, -2.762, -2.809, -2.277, -3.695
-3.294, -4.173, -3.369, -3.188, -1.167, -5.558, -2.701, -3.073, -3.140, -2.814
-2.774, -2.685, -2.832, -2.905, -6.282, -1.931, -2.831, -3.395, -3.750, -2.941
-2.867, -3.076, -3.728, -3.689, -0.576, -2.382, -2.379, -2.700, -2.506, -2.939
-3.429, -3.694, -2.714, -3.367, -1.954, -7.449, -3.185, -2.688, -3.510, -3.500
-3.340, -4.315, -3.223, -3.695, -1.405, -5.426, -2.647, -3.172, -2.645, -3.213
-3.101, -3.066, -3.310, -2.570, -9.905, -3.693, -3.723, -3.128, -3.454, -2.985
-3.315, -3.586, -3.048, -3.993, -0.476, -2.919, -2.871, -3.022, -2.420, -3.928
-3.444, -3.541, -3.686, -3.992, -2.281, -5.830, -2.935, -2.730, -3.033, -3.124
-3.337, -3.683, -3.142, -4.147, -1.005, -4.087, -2.854, -2.542, -3.280, -3.077
-2.801, -3.200, -3.041, -2.567, -7.274, -2.155, -3.769, -3.207, -3.527, -3.124
-3.347, -3.984, -2.943, -4.002, -1.489, -5.278, -2.705, -3.275, -2.746, -3.724
-3.523, -3.295, -3.337, -4.355, -1.157, -4.705, -2.984, -3.682, -2.882, -3.145
-3.311, -3.659, -3.250, -3.607, -1.573, -6.984, -2.765, -2.746, -3.506, -2.765
-4.217, -4.394, -2.969, -2.323, -0.767, -3.185, -3.190, -2.269, -2.654, -4.438
-3.561, -3.105, -3.486, -2.267, -8.025, -2.809, -3.022, -3.366, -3.696, -3.166
-3.570, -3.299, -2.164, -1.933, -5.490, -2.743, -3.129, -3.748, -3.558, -2.825
-3.206, -4.094, -3.681, -2.735, -1.424, -3.668, -2.857, -2.507, -2.226, -3.016
-3.018, -3.092, -3.526, -2.682, -10.358, -3.893, -3.448, -3.535, -3.656, -3.236
-3.564, -3.017, -4.214, -4.300, -1.073, -2.767, -3.261, -3.147, -2.645, -3.555
-3.097, -3.925, -3.661, -3.450, -1.644, -4.997, -2.585, -3.191, -2.538, -2.722
-2.787, -3.816, -2.972, -3.905, -0.821, -3.992, -3.130, -2.876, -2.882, -2.939
-3.055, -3.444, -3.534, -3.890, -1.566, -4.474, -2.821, -2.771, -2.847, -3.155
-2.892, -3.172, -3.543, -2.454, -10.938, -3.312, -3.532, -3.082, -2.967, -3.244
-3.350, -3.091, -3.565, -2.274, -12.165, -4.210, -2.786, -3.343, -3.450, -3.248
-3.107, -3.297, -2.637, -3.261, -1.795, -6.307, -3.622, -2.743, -3.104, -3.462
-2.898, -3.101, -3.512, -4.390, -1.569, -4.098, -2.398, -2.734, -2.644, -3.268
-3.136, -3.101, -3.051, -3.633, -2.185, -8.320, -3.087, -2.630, -2.965, -3.179
-2.999, -3.621, -3.130, -3.108, -1.733, -5.315, -2.846, -2.629, -2.624, -3.423
-3.251, -3.869, -3.418, -3.465, -1.517, -4.711, -3.383, -2.349, -2.882, -2.911
-3.439, -4.136, -3.449, -2.754, -0.788, -3.554, -2.869, -2.533, -2.422, -3.237
-2.660, -3.191, -2.989, -3.577, -1.075, -4.038, -2.978, -3.221, -2.490, -2.984
-3.031, -3.386, -2.990, -3.122, -11.021, -3.424, -3.931, -3.025, -3.499, -3.237
-2.835, -3.273, -3.207, -2.417, -10.191, -4.232, -3.304, -3.299, -3.618, -3.297
-3.385, -3.280, -2.943, -2.560, -11.335, -3.341, -3.666, -3.295, -3.397, -3.003
-2.817, -3.305, -3.402, -3.434, -2.145, -6.830, -3.200, -2.803, -2.637, -2.968
-3.093, -3.183, -1.732, -3.406, -6.027, -3.077, -2.239, -3.284, -3.980, -3.043
-3.237, -3.734, -3.000, -5.075, -1.400, -6.030, -2.723, -4.086, -2.948, -3.142
-3.456, -3.616, -3.348, -3.756, -1.307, -5.424, -3.217, -2.847, -3.531, -3.091
-3.243, -2.971, -3.314, -2.750, -9.403, -2.981, -3.312, -3.030, -3.511, -2.697
-2.897, -2.601, -3.195, -2.542, -7.376, -1.895, -3.743, -3.028, -3.546, -3.062
-3.121, -3.458, -3.070, -2.717, -1.783, -5.362, -3.457, -2.219, -2.466, -3.955
-3.260, -3.404, -3.351, -3.192, -1.508, -4.191, -2.810, -2.554, -2.420, -3.411
-3.102, -3.867, -3.288, -2.705, -1.393, -3.994, -3.850, -2.882, -2.420, -3.048
-3.312, -3.453, -3.529, -3.215, -1.548, -5.945, -2.913, -3.967, -2.797, -3.052
-3.005, -3.690, -3.728, -3.641, -1.172, -4.190, -2.914, -2.833, -2.868, -3.379
-3.285, -3.826, -3.576, -4.520, -1.207, -4.508, -3.304, -3.208, -2.701, -3.545
-3.467, -4.176, -3.223, -3.012, -1.187, -3.515, -3.043, -3.409, -1.998, -2.877
-3.304, -4.016, -3.851, -3.420, -1.137, -3.818, -3.252, -2.783, -2.943, -2.914
-2.773, -3.337, -4.273, -3.547, -2.466, -5.581, -3.816, -2.858, -2.193, -2.717
-3.668, -2.912, -3.998, -5.212, -2.180, -5.301, -2.820, -3.832, -2.497, -3.044
-3.836, -4.662, -3.518, -3.267, -0.934, -4.621, -2.710, -3.253, -3.255, -2.884
-3.557, -3.432, -2.769, -3.291, -1.607, -5.671, -3.966, -2.859, -2.846, -3.296
-3.304, -2.889, -3.005, -2.449, -8.330, -3.584, -2.687, -3.421, -3.323, -3.124
-2.934, -4.163, -3.343, -3.912, -0.921, -3.956, -2.663, -2.951, -2.450, -3.045
-4.218, -3.264, -4.181, -3.802, -1.565, -4.137, -2.529, -2.549, -2.784, -3.272
-2.795, -3.522, -2.599, -2.872, -11.291, -3.563, -4.294, -3.211, -3.256, -3.175
-3.532, -3.311, -2.424, -2.468, -7.391, -3.153, -2.562, -3.105, -3.226, -3.314
-3.065, -3.673, -3.037, -4.292, -0.822, -4.198, -2.971, -2.813, -2.786, -3.397
-3.196, -3.011, -3.640, -2.352, -14.683, -3.358, -3.340, -3.211, -3.018, -2.783
-3.125, -3.096, -3.320, -2.776, -11.621, -3.646, -3.467, -2.840, -2.894, -2.940
-3.755, -3.296, -3.185, -3.743, -1.067, -5.069, -2.696, -3.266, -3.411, -3.379
-2.657, -3.769, -2.638, -3.826, -1.353, -3.833, -3.772, -2.840, -2.015, -2.736
-3.579, -4.571, -4.147, -2.586, -0.775, -3.479, -2.565, -2.901, -2.711, -2.689
-3.501, -3.990, -3.901, -3.403, -1.327, -4.697, -2.401, -3.750, -2.494, -3.106
-2.688, -3.005, -2.748, -2.230, -6.629, -2.401, -2.661, -3.246, -3.948, -2.914
-2.843, -3.416, -3.111, -3.019, -8.014, -2.380, -3.208, -2.618, -3.672, -2.690
-3.167, -3.310, -2.999, -2.347, -8.733, -3.994, -3.183, -3.370, -3.507, -2.864
-3.518, -2.760, -3.946, -3.359, -2.000, -5.579, -2.113, -3.650, -2.550, -2.806
-3.104, -3.841, -2.974, -4.250, -1.113, -4.518, -2.770, -3.169, -2.392, -3.369
-3.568, -3.824, -3.325, -4.109, -0.880, -3.703, -2.977, -3.138, -2.873, -3.870
-2.996, -3.253, -2.765, -2.944, -1.918, -5.338, -3.502, -2.813, -2.288, -2.744
-2.706, -2.741, -2.784, -2.938, -10.279, -3.127, -3.704, -3.257, -3.391, -3.128
-2.858, -4.492, -2.917, -3.746, -0.729, -3.894, -3.039, -2.457, -2.720, -3.104
-3.228, -3.860, -3.615, -2.037, -1.202, -3.581, -3.864, -2.505, -2.205, -3.229
-2.989, -3.717, -3.151, -4.953, -1.150, -4.366, -3.067, -3.384, -2.590, -2.991
-3.970, -3.842, -3.378, -3.396, -1.299, -2.627, -2.811, -2.649, -1.727, -2.891
-3.051, -4.243, -3.301, -3.494, -0.543, -2.992, -3.112, -2.451, -2.852, -3.062
-3.736, -2.881, -3.438, -2.688, -0.661, -2.728, -2.830, -3.143, -2.371, -3.328
-3.575, -3.277, -3.267, -4.583, -0.795, -4.026, -2.579, -3.009, -2.938, -3.251
-3.023, -2.902, -3.629, -2.227, -9.955, -2.654, -3.658, -2.989, -3.300, -3.364
-2.972, -4.365, -3.220, -4.091, -0.563, -3.566, -2.610, -2.927, -2.344, -3.042
-3.368, -3.046, -3.234, -2.413, -10.100, -3.836, -2.804, -3.148, -3.265, -3.238
-3.522, -2.147, -3.458, -3.896, -2.246, -5.162, -2.822, -2.209, -2.766, -3.577
-3.591, -4.331, -3.190, -3.402, -1.343, -4.588, -2.912, -2.807, -2.659, -3.461
-2.880, -3.275, -2.097, -3.184, -7.061, -2.550, -2.546, -2.948, -3.538, -2.959
-2.835, -3.107, -3.098, -2.839, -6.106, -1.467, -3.845, -4.010, -3.406, -1.703
-2.909, -3.879, -3.180, -2.791, -1.181, -4.846, -2.784, -2.961, -2.618, -3.364
-3.359, -3.124, -3.469, -2.741, -11.789, -4.316, -3.370, -3.053, -3.398, -3.004
-2.942, -3.261, -3.171, -2.995, -9.599, -3.433, -4.085, -3.761, -3.517, -3.249
-3.035, -3.080, -3.393, -2.586, -12.541, -3.244, -3.442, -2.892, -3.123, -2.927
-3.140, -3.964, -3.564, -3.900, -1.667, -5.960, -2.469, -2.728, -2.622, -2.955
-3.100, -3.796, -2.774, -4.613, -0.825, -4.482, -2.845, -3.103, -3.048, -3.263
-3.115, -3.018, -3.083, -2.051, -6.972, -2.145, -3.568, -2.919, -3.683, -2.857
-3.054, -3.755, -3.380, -3.380, -0.620, -3.063, -2.606, -2.990, -2.400, -3.118
-3.257, -3.701, -2.638, -3.309, -7.705, -3.416, -2.938, -3.406, -4.141, -2.886
-2.949, -4.085, -3.195, -3.705, -0.975, -3.707, -2.674, -3.077, -2.539, -3.352
-3.150, -3.760, -3.174, -2.519, -0.765, -3.079, -3.143, -2.609, -2.428, -3.371
-2.870, -3.445, -3.514, -2.550, -6.655, -2.006, -3.002, -3.674, -3.399, -2.789
-2.879, -3.918, -2.895, -2.885, -1.095, -3.529, -3.346, -2.698, -1.870, -2.720
-3.041, -3.237, -3.038, -3.454, -14.527, -3.866, -3.605, -3.385, -3.007, -3.698
-3.153, -3.588, -3.368, -3.652, -1.832, -5.568, -3.033, -2.821, -2.901, -3.346
-3.298, -3.068, -3.329, -2.466, -9.514, -2.996, -3.271, -2.797, -3.283, -3.412
-2.239, -4.349, -4.226, -4.145, -2.111, -4.203, -2.504, -2.913, -2.199, -2.657
-3.530, -3.581, -3.346, -3.678, -0.533, -2.381, -3.659, -2.907, -2.716, -3.113
-2.772, -3.156, -3.565, -3.168, -2.094, -4.498, -3.185, -2.082, -2.513, -3.029
-2.996, -3.699, -3.251, -2.447, -1.112, -3.821, -3.811, -2.746, -2.182, -3.259
-2.503, -3.501, -3.498, -4.848, -1.385, -4.100, -2.246, -2.854, -2.414, -3.284
-2.990, -2.598, -3.358, -2.619, -14.400, -3.097, -3.414, -3.103, -3.070, -2.986
-2.917, -3.370, -3.227, -3.639, -1.470, -4.595, -2.797, -2.557, -2.897, -3.256
-3.194, -4.421, -3.497, -3.538, -1.267, -4.190, -3.090, -2.465, -2.917, -2.883
-3.142, -3.471, -3.539, -4.383, -1.941, -5.399, -3.354, -3.249, -2.883, -3.080
-3.131, -4.436, -2.633, -3.475, -0.667, -3.070, -3.816, -2.796, -2.619, -3.452
-3.221, -3.916, -3.186, -2.940, -1.376, -6.218, -2.806, -3.009, -3.391, -2.898
-2.855, -3.584, -3.461, -2.105, -8.625, -2.303, -3.790, -3.097, -3.166, -2.977
-2.531, -5.044, -3.412, -2.560, -0.817, -3.357, -3.142, -2.428, -2.790, -3.128
-3.138, -3.400, -2.853, -4.312, -1.657, -5.152, -2.986, -2.763, -2.898, -2.879
-2.906, -4.923, -3.436, -2.690, -0.464, -3.015, -3.054, -2.761, -2.697, -3.148
-3.061, -3.010, -3.475, -2.827, -1.745, -5.848, -2.867, -3.349, -2.798, -3.004
-2.902, -2.844, -2.275, -2.966, -6.947, -2.851, -3.107, -3.184, -3.489, -2.977
-3.161, -3.717, -2.871, -5.066, -1.403, -5.928, -3.306, -2.903, -3.109, -3.132
-3.558, -3.175, -3.496, -4.874, -1.090, -4.547, -2.063, -2.646, -3.055, -2.977
-3.158, -3.646, -3.370, -3.452, -1.753, -7.270, -3.135, -2.273, -3.385, -3.208
-3.425, -3.875, -3.528, -4.452, -1.212, -4.088, -3.080, -3.352, -2.810, -2.923
-2.545, -3.631, -2.777, -4.332, -0.808, -4.128, -3.093, -3.322, -2.657, -2.683
-3.344, -4.128, -2.897, -3.539, -1.035, -3.421, -3.242, -3.001, -2.192, -3.762
-3.159, -2.948, -2.857, -2.244, -6.484, -1.708, -3.677, -3.065, -3.444, -3.297
-3.243, -2.978, -3.586, -2.861, -16.615, -4.185, -3.441, -3.086, -3.164, -3.042
-3.294, -3.099, -3.167, -2.179, -10.060, -3.518, -3.105, -3.302, -3.163, -2.936
-2.850, -4.196, -3.386, -2.630, -1.189, -3.830, -3.543, -2.217, -2.766, -3.377
-2.841, -3.781, -2.814, -4.592, -0.876, -3.983, -2.929, -3.208, -2.765, -3.071
-2.937, -3.266, -2.713, -2.541, -8.613, -2.745, -3.443, -3.359, -3.217, -2.946
-2.479, -3.151, -4.504, -4.314, -1.787, -4.084, -2.063, -2.562, -2.697, -3.152
-2.821, -4.012, -2.754, -4.327, -0.895, -4.572, -2.974, -3.354, -2.627, -3.178
-3.418, -2.943, -3.144, -2.549, -7.747, -3.003, -2.930, -3.713, -3.341, -2.829
-2.808, -4.068, -3.450, -2.840, -0.812, -3.523, -2.814, -2.825, -2.229, -3.326
-2.839, -3.087, -2.696, -3.266, -7.459, -2.273, -3.180, -2.423, -3.607, -2.899
-4.140, -3.204, -3.613, -4.223, -1.327, -3.169, -2.366, -2.719, -2.452, -3.210
-2.773, -4.207, -2.864, -2.894, -0.779, -3.484, -3.341, -2.616, -2.415, -3.535
-3.697, -3.712, -3.584, -3.485, -1.585, -4.891, -3.435, -2.759, -3.010, -3.834
-2.930, -4.093, -2.775, -2.388, -1.510, -4.365, -3.578, -2.135, -2.376, -3.191
-3.430, -4.741, -4.094, -3.503, -2.029, -5.087, -2.944, -2.701, -2.792, -2.922
-2.629, -2.641, -2.707, -3.384, -11.170, -2.756, -3.922, -2.687, -3.393, -3.363
-3.214, -3.061, -5.970, -4.565, -1.574, -2.490, -5.609, -3.072, -3.233, -3.050
-2.807, -3.520, -3.544, -3.328, -1.511, -3.758, -2.675, -3.358, -1.981, -3.407
-3.061, -3.604, -3.412, -5.037, -0.865, -3.070, -3.282, -2.868, -2.813, -3.137
-3.168, -2.462, -3.394, -2.993, -12.191, -2.976, -3.528, -2.574, -3.025, -3.470
-3.210, -3.310, -3.600, -2.660, -12.411, -3.708, -3.206, -3.426, -3.052, -3.033
-3.011, -3.374, -3.153, -2.352, -7.006, -1.774, -3.535, -3.673, -3.159, -3.169
-3.701, -3.488, -2.894, -5.223, -0.991, -5.886, -2.585, -4.164, -3.374, -3.290
-3.037, -3.685, -2.739, -4.300, -0.909, -4.221, -2.541, -2.923, -2.930, -3.101
-2.682, -2.787, -2.395, -3.506, -7.263, -2.604, -3.269, -3.760, -3.606, -2.556
-3.497, -4.343, -3.054, -3.478, -1.159, -4.269, -2.639, -2.430, -2.970, -3.006
-3.053, -2.781, -3.017, -3.061, -12.927, -4.044, -3.456, -3.246, -3.269, -3.387
-3.271, -3.103, -3.147, -4.377, -1.265, -5.019, -2.746, -2.837, -2.863, -3.588
-2.715, -3.056, -3.031, -2.920, -8.357, -2.843, -3.908, -3.739, -3.432, -3.446
-2.771, -2.909, -2.951, -2.922, -8.489, -2.547, -3.328, -2.785, -3.310, -3.224
-3.069, -3.379, -3.417, -2.808, -11.309, -3.523, -3.463, -2.779, -3.113, -3.264
-3.016, -3.605, -2.994, -4.287, -1.260, -5.701, -2.642, -4.030, -2.910, -3.261
-3.390, -3.655, -3.854, -3.812, -1.695, -5.248, -2.594, -2.562, -3.433, -2.958
-3.251, -3.046, -3.454, -3.058, -1.654, -5.593, -2.773, -2.492, -3.034, -3.104
-3.518, -2.706, -3.623, -3.056, -1.839, -5.263, -2.531, -3.222, -2.627, -3.353
-3.270, -4.645, -3.172, -3.661, -0.607, -3.747, -2.616, -2.856, -2.425, -3.209
-2.839, -2.914, -3.337, -2.702, -8.721, -2.465, -3.054, -3.220, -3.271, -3.435
-2.868, -4.101, -2.990, -4.283, -0.635, -3.488, -3.144, -2.808, -2.603, -3.213
-3.144, -3.760, -3.254, -2.260, -1.027, -3.376, -4.104, -2.220, -2.732, -3.486
-3.088, -4.515, -3.225, -2.982, -0.988, -4.795, -2.915, -3.342, -2.778, -3.151
-2.783, -4.009, -3.514, -3.346, -1.494, -5.022, -2.700, -2.533, -3.034, -3.193
-2.786, -3.991, -2.965, -3.715, -1.399, -5.697, -2.537, -2.944, -2.916, -2.953
-3.636, -3.443, -3.293, -2.561, -1.064, -3.360, -3.746, -2.363, -2.556, -3.632
-3.194, -3.120, -3.157, -2.839, -14.910, -4.086, -3.471, -3.137, -3.078, -3.183
-2.723, -3.206, -2.887, -2.641, -8.762, -2.617, -3.127, -3.483, -3.284, -3.273
-3.449, -2.967, -3.232, -2.137, -9.658, -3.195, -3.617, -2.969, -3.171, -3.314
-3.692, -4.453, -3.900, -2.927, -2.159, -5.752, -3.496, -2.569, -3.067, -3.949
-2.644, -3.750, -3.585, -2.674, -0.806, -3.374, -2.709, -3.125, -2.316, -2.941
-3.447, -3.776, -3.217, -2.561, -0.745, -3.125, -3.452, -2.642, -2.713, -4.022
-2.816, -3.631, -3.778, -2.362, -1.113, -2.941, -2.949, -2.316, -2.192, -3.110
-3.384, -3.310, -3.523, -4.855, -1.189, -3.542, -2.582, -2.812, -2.505, -3.439
-3.264, -3.211, -3.008, -4.512, -0.722, -3.856, -2.814, -3.217, -3.136, -3.142
-3.213, -2.194, -3.269, -3.126, -2.124, -6.027, -2.619, -2.558, -2.822, -2.919
-2.769, -3.039, -3.472, -3.177, -1.795, -5.507, -2.869, -2.947, -2.849, -3.305
-2.326, -4.935, -2.782, -3.913, -0.754, -4.097, -3.086, -2.709, -2.102, -3.086
-3.463, -2.304, -3.108, -3.608, -7.837, -2.802, -2.862, -2.794, -4.513, -3.518
-3.434, -3.097, -4.292, -3.323, -2.115, -6.334, -3.890, -2.708, -3.708, -3.190
-2.633, -3.165, -3.539, -3.296, -2.144, -6.444, -2.942, -2.842, -2.970, -3.166
-3.142, -4.098, -3.176, -4.052, -1.453, -5.531, -2.908, -2.702, -2.868, -3.156
-3.156, -3.832, -3.954, -3.895, -1.405, -5.199, -2.379, -2.629, -3.082, -3.212
-3.337, -2.600, -2.529, -2.596, -6.975, -3.032, -1.989, -3.114, -3.202, -3.178
-2.770, -3.333, -3.651, -3.084, -10.005, -4.047, -3.031, -2.920, -3.973, -2.995
-3.410, -3.088, -3.668, -3.172, -0.483, -2.275, -2.534, -2.523, -2.617, -3.020
-3.006, -3.531, -3.133, -2.925, -1.604, -5.400, -2.866, -2.550, -2.459, -3.396
-3.194, -3.273, -3.357, -3.960, -1.208, -4.708, -3.347, -2.652, -3.316, -3.046
-3.174, -3.432, -3.144, -5.110, -1.124, -4.180, -3.017, -3.249, -2.861, -3.034
-2.961, -3.936, -3.798, -3.123, -1.491, -3.823, -2.642, -2.795, -2.468, -3.336
-2.977, -2.879, -2.947, -3.313, -10.333, -3.193, -3.899, -2.864, -3.625, -3.212
-3.281, -3.997, -3.465, -3.172, -0.890, -3.617, -2.754, -2.882, -2.798, -3.051
-3.540, -3.250, -3.341, -2.968, -1.722, -6.203, -2.674, -3.168, -2.758, -3.909
-2.965, -4.013, -3.269, -2.962, -0.842, -3.682, -2.650, -2.531, -2.594, -3.129
-3.151, -3.339, -3.105, -4.547, -1.127, -4.416, -2.464, -2.527, -2.965, -3.166
-2.965, -3.455, -3.006, -4.644, -1.227, -4.874, -3.061, -3.576, -2.846, -3.072
-3.315, -3.186, -3.289, -3.043, -1.790, -6.264, -2.852, -2.810, -3.166, -3.018
-3.315, -3.005, -3.636, -2.952, -1.654, -5.152, -2.833, -2.331, -3.345, -2.800
-2.608, -3.038, -2.438, -2.676, -4.751, -1.697, -2.099, -3.222, -4.254, -2.914
-2.933, -3.972, -2.965, -2.644, -0.965, -4.244, -3.489, -2.860, -2.807, -3.364
-3.152, -3.249, -2.887, -2.726, -5.749, -1.735, -3.103, -3.788, -3.469, -2.969
-3.296, -3.625, -3.948, -3.519, -1.808, -5.972, -2.410, -2.243, -3.411, -2.735
-2.439, -3.241, -3.170, -3.796, -0.868, -3.149, -2.894, -2.814, -2.522, -2.975
-3.108, -2.282, -3.417, -2.786, -10.186, -2.976, -3.308, -3.227, -3.256, -2.776
-3.505, -3.279, -3.329, -3.343, -1.266, -5.046, -2.577, -2.579, -3.309, -2.803
-3.143, -3.746, -2.671, -3.465, -1.666, -6.686, -3.067, -2.772, -3.006, -3.559
-2.983, -3.733, -3.084, -4.569, -0.916, -3.809, -2.892, -2.827, -2.598, -3.116
-2.839, -2.590, -2.666, -3.273, -7.826, -2.649, -3.109, -3.144, -3.227, -3.517
-2.949, -3.055, -3.651, -2.123, -10.440, -2.566, -3.726, -2.820, -2.809, -3.274
-3.140, -3.056, -3.133, -3.729, -1.605, -5.757, -2.730, -2.793, -2.862, -3.476
-3.836, -3.137, -3.710, -3.713, -1.369, -4.708, -2.909, -2.655, -3.104, -3.212
-3.289, -3.551, -3.187, -3.420, -1.601, -5.518, -2.811, -2.646, -3.045, -3.507
-2.736, -3.679, -4.048, -1.984, -1.304, -3.321, -3.565, -1.853, -2.825, -2.693
-3.312, -3.454, -3.188, -4.936, -0.887, -3.782, -2.476, -3.554, -2.727, -3.349
-3.036, -4.320, -3.558, -3.592, -0.756, -3.085, -3.244, -3.229, -2.618, -3.173
-3.434, -2.984, -3.469, -3.998, -1.921, -5.244, -4.953, -2.793, -3.315, -3.081
-3.377, -3.269, -4.331, -3.932, -2.523, -5.907, -4.006, -2.453, -3.610, -3.190
-3.076, -2.864, -3.766, -3.268, -2.635, -8.780, -3.168, -2.410, -3.777, -3.210
-3.008, -3.443, -2.819, -4.696, -1.227, -4.591, -2.872, -2.707, -3.153, -2.937
-2.963, -2.999, -3.028, -3.116, -12.441, -3.586, -3.872, -3.302, -3.998, -3.258
-3.319, -2.953, -3.305, -2.366, -1.241, -3.229, -3.965, -2.689, -2.178, -3.307
-2.931, -3.094, -3.861, -2.901, -1.879, -6.187, -2.469, -2.152, -3.553, -2.759
-2.803, -3.943, -4.333, -3.657, -1.397, -3.419, -2.476, -2.557, -2.297, -3.474
-3.620, -2.450, -2.798, -2.817, -5.690, -1.585, -3.074, -3.347, -3.792, -3.155
-3.267, -3.014, -3.721, -4.054, -1.891, -4.838, -3.760, -3.087, -2.695, -2.685
-3.013, -3.610, -3.045, -3.798, -1.709, -5.753, -2.874, -2.797, -2.795, -2.997
-3.019, -3.737, -3.223, -4.056, -1.520, -5.068, -3.068, -2.785, -2.967, -3.163
-3.285, -3.901, -4.124, -2.347, -1.178, -4.148, -2.729, -2.006, -3.340, -3.000
-2.996, -3.616, -3.666, -4.985, -1.525, -4.447, -3.450, -3.453, -2.766, -3.206
-2.995, -4.324, -2.879, -3.866, -0.571, -3.222, -2.979, -3.098, -2.570, -3.382
-4.056, -3.343, -4.031, -3.338, -1.678, -4.692, -3.540, -2.737, -3.324, -3.664
-3.105, -3.152, -2.968, -2.919, -9.628, -3.563, -3.311, -3.530, -3.014, -2.964
-2.999, -3.802, -3.773, -4.190, -1.728, -4.386, -3.980, -2.959, -3.014, -3.124
-3.147, -2.821, -3.532, -2.269, -16.148, -3.355, -3.491, -3.063, -3.254, -2.955
-3.224, -3.513, -3.198, -3.092, -1.520, -5.914, -2.594, -2.574, -3.273, -2.929
-3.116, -3.725, -3.412, -4.000, -1.124, -4.397, -3.377, -3.011, -3.330, -3.017
