Theta=[
5.314853464
4.199932846
1.106763582
2.644428073
6.141115235
4.304968590
3.037097744
0.071699785
2.721504484
3.854652915
2.248262513
3.386885323
3.188869196
4.484644561
1.684677550
6.094352100
5.094876816
4.859929797
5.421866027
5.370856560
2.711003182
1.628929136
0.587772493
4.557861671
3.820748879
5.898287944
0.888912645
5.875230432
3.733900834
6.258266517
3.256396446
2.446694818
3.018578462
3.687147944
3.921397376
0.199177348
4.913148277
1.213062170
1.839636901
2.561340653
0.810625455
4.411578085
1.602280986
6.212972679
3.855535611];

Phi=[
5.800575510
3.631153603
6.268971965
3.961382364
3.500618704
5.180577508
0.998771666
1.500198416
2.936634620
1.567779874
2.739759907
0.550876335
0.032878308
0.247264284
5.690849806
5.422727424
0.661579610
1.402147531
1.474082251
5.439399693
5.115834653
1.526159850
2.651397791
4.285645465
5.053506116
2.817149411
4.936549182
4.172622342
3.991694559
4.993414870
2.814827427
0.538085088
2.021253202
4.828689942
0.127744887
5.324586410
1.967000596
6.278840388
4.505517791
3.050139613
0.904083355
2.165258087
0.585661785
0.479723634
5.414125341];