Theta=[
6.065331906
0.752944236
5.072976389
5.486791589
1.109965872
1.801823442
2.441387731
0.467295037
4.967226549
4.128937062
1.101856963
3.631563573
4.536184179
3.480348258
0.663450685
3.548816748
3.332301538
3.891035170
0.063361149
6.273919092
6.085365588
3.549054013
0.488250975
5.169767990
0.731620971
4.425713416
6.108781242
3.400774951
1.741188420
5.417836861
3.504007739
0.444577238
5.316656939
0.195942528
1.627716749
0.535573868
6.012637039
2.759841367
3.137238246
3.808517348
0.574381934
5.173316205
5.857682931
3.989170755
3.677511470];

Phi=[
2.766377885
0.041141097
0.948828481
2.894905525
2.107325019
0.070152599
2.394244445
5.480127536
0.684078407
5.206276871
4.471918518
3.727260519
5.590016008
1.511488670
5.888575420
3.034515387
0.117775630
5.450324644
1.573959921
0.491982302
1.709179632
4.225441106
4.175537756
4.487578049
1.177252285
5.356299756
1.643356602
5.089377557
4.430159941
1.913680342
5.792253281
2.788154202
4.068976132
4.942210235
4.018034486
3.892856507
0.864241074
3.190739048
0.751603590
1.045344950
2.307180055
2.829271528
3.980044049
3.785284544
5.757296096];