Theta=[
5.472370750
1.695833770
2.285268642
2.721855925
1.766892623
4.868784850
1.395585500
0.158574832
1.744304322
6.218769091
2.499585973
2.883823640
4.130756380
0.504186464
0.039535606
4.499395172
2.713126412
5.455269984
3.307778867
0.902370154
1.307058392
0.695998405
2.743257822
1.693525765
0.805155044
1.748577976
4.728269552
1.212121883
4.968838522
5.238163050
2.860558379
0.055409808
1.433215855
1.223251966
4.811539842
2.860562237
1.608600161
4.911467692
0.778981051
5.654858202
4.740355225
1.613128629
0.902348206
0.682578854
3.467753691];

Phi=[
5.824072484
5.909948579
0.193665491
5.484048947
3.930035528
4.601842844
4.697528653
3.213809181
3.870413290
6.014699607
0.912710638
4.381237804
2.633575745
3.831654749
3.373251790
6.217045295
2.690654898
0.703853989
0.499619237
3.219955158
0.730040980
2.300558095
4.547144260
2.080372973
4.578783922
5.569340089
1.375495161
1.278207779
0.816117893
2.130391687
4.561534535
1.770782582
2.538357493
5.591470071
3.175750238
5.711889951
5.569601466
0.077654578
3.536801899
4.324500455
3.333101414
5.741283404
4.633857459
3.607855505
4.132503371];