Theta=[
0.199285852
1.593744607
4.809936054
5.905396498
2.758058785
2.413383135
3.227767256
4.446971230
4.301511796
1.472147861
0.382988264
3.177186694
0.554626370
1.124187098
4.696412219
1.031663597
0.307467467
2.894646155
3.184774206
1.485157444
2.256614103
5.172431311
3.797478543
1.832075729
6.228148236
5.020261348
2.633063524
1.640470524
0.007779601
4.599522801
5.944601081
3.729006626
2.448550842
1.708444654
6.109299770
0.029082863
6.048211266
0.114295196
4.623078361
3.554943544
5.259350463
0.482926508
0.918355622
4.541260969
5.477765788];

Phi=[
1.368573728
2.750302305
0.778895657
4.028260297
1.644869011
1.808455075
2.595221301
1.284659734
4.137009021
6.180105250
4.943965104
4.815757504
0.097926362
1.219223076
4.058477471
0.818522852
1.982735692
2.601262205
5.244358490
4.738981407
5.037859397
2.176270660
2.580060287
1.386235687
5.873009612
4.173272009
0.750264845
0.057011827
0.373056090
0.297144242
4.426062830
2.762981176
3.207556033
0.264652550
5.944174296
5.317099070
2.910315756
3.534635377
3.300115006
1.811899136
4.092736300
1.987625949
1.341147270
6.233282137
0.657667497];